57 10
 -4.15189e-05  0.000189028  0.000105848 -3.61928e-05 -3.05437e-05  5.03446e-05  2.44498e-06 -2.04271e-05  3.89552e-05  -3.5219e-05
   0.0177286 -0.000165437   -0.0127852 -0.000346374   -0.0016805   0.00395931   -0.0042388 -6.06279e-05  -0.00111774 -0.000166717
-0.000408524   0.00599184    0.0024494  -0.00196733  0.000793692    0.0032821  0.000272479 -7.68135e-05 -9.31351e-06 -0.000696844
-0.000193991  0.000317455 -2.98448e-06  0.000114875  0.000146126 -0.000124428 -2.61433e-05 -2.92867e-05 -0.000137411 -5.33539e-05
  -0.0070821  0.000594511  -0.00153019  -0.00478612   0.00014897  -0.00238819   0.00156942  0.000682718  0.000254665  9.25021e-06
 0.000866639 -0.000212597 -0.000908066  0.000282022   0.00343654  -0.00151778   -0.0018534  0.000171562 -0.000385624  0.000774122
  0.00419931  -0.00522753  -0.00315075   2.2109e-05   0.00068704   0.00048395   0.00167002  -0.00116727  -0.00149471  0.000656401
   0.0179524 -0.000455682   -0.0130092 -0.000259745  -0.00168712   0.00395305  -0.00426768 -8.71582e-05  -0.00103163  -0.00024109
-0.000485269   0.00648873   0.00266101  -0.00185434  0.000777246   0.00304017  5.58431e-05  0.000267521 -1.03082e-05 -0.000576811
 -0.00428194   0.00560491   0.00336222 -9.45948e-05 -0.000747929  -0.00038309  -0.00166516   0.00112634   0.00157289 -0.000727181
   0.0175279  0.000119073   -0.0125726 -0.000429414  -0.00167387   0.00396998  -0.00420987 -3.29817e-05  -0.00120654 -9.30663e-05
-0.000327904   0.00551356   0.00224429   -0.0020829  0.000807911   0.00353187  0.000490352 -0.000424718  -1.0389e-05 -0.000819317
 4.23668e-08  1.22617e-07  1.25865e-08  1.02542e-07 -9.43983e-09   1.3318e-07  -1.7593e-08  8.99968e-08 -1.30848e-07  1.46892e-07
  -0.0126667  -0.00276596   0.00397347   0.00243351    0.0002633  0.000927807  -0.00058797 -0.000525548   -5.512e-05 -0.000828546
 -0.00235196  -0.00164468 -0.000577474   0.00162218  -0.00329827  -0.00112448  0.000526352  0.000360721 -0.000540719   0.00102006
  0.00520423  -0.00683148   -0.0012794  -0.00166353 -0.000888626   0.00291474  0.000587759   8.1221e-05   0.00246255  0.000726634
 -0.00702189  0.000502554  -0.00160429  -0.00466354  0.000180795  -0.00235832   0.00146294  0.000661509  0.000238476  2.75107e-05
 0.000929228 -0.000912806  -0.00126972  0.000241758   0.00344705  -0.00140164   -0.0016083  0.000226394 -0.000290613  0.000799543
 -0.00559221   0.00746639   0.00127343   0.00189328   0.00118088   -0.0031636 -0.000640046 -0.000139794  -0.00273737 -0.000833342
 -0.00714231  0.000686468   -0.0014561  -0.00490871  0.000117145  -0.00241805    0.0016759  0.000703927  0.000270855  -9.0103e-06
  0.00080405  0.000487612 -0.000546414  0.000322285   0.00342604  -0.00163391  -0.00209849   0.00011673 -0.000480635  0.000748701
  0.00305594  -0.00266629  -0.00156359  2.81379e-06  0.000215055  0.000738221   0.00173155  -0.00244073 -0.000543155  0.000793938
   0.0362566   0.00725331  -0.00593877   0.00285031 -0.000797916   0.00215749  -0.00078219 -5.03132e-05  0.000231033   0.00046069
 0.000955494    0.0075527   0.00353053  -0.00223929   0.00107591   0.00414337   0.00141056   0.00140638   -0.0011411 -0.000295206
 -0.00371089   0.00354532   0.00209107 -4.68663e-05 -0.000376715 -0.000799056  -0.00200396   0.00274456  0.000828519 -0.000790954
   0.0367763   0.00765099  -0.00561062   0.00294448 -0.000779796   0.00203175 -0.000729816  3.94808e-05  0.000304966   0.00048643
 0.000791698    0.0075797   0.00355962  -0.00236292   0.00102014   0.00425505   0.00149237   0.00131878  -0.00117691 -0.000309532
 0.000952799 -0.000912345  -0.00052794   0.00017676  5.87587e-05  0.000333115   6.4422e-05  0.000683485 -5.29552e-05 -0.000752945
  -0.0124235  -0.00372266    0.0029278   0.00225399  0.000616433  0.000544089 -2.42218e-05   0.00045963   0.00012912  0.000307102
-0.000348519  -0.00311411 -0.000909553   0.00105406  -0.00218686 -0.000375164  0.000401725 -0.000483461  0.000703432  -0.00148729
-0.000753949  0.000718876  0.000443228  -0.00018619 -1.87834e-05 -0.000275586 -3.77191e-05 -0.000692789  4.32917e-05  0.000714467
  -0.0125002  -0.00363757   0.00298841   0.00224846  0.000618917   0.00055397 -2.73241e-05  0.000438331  0.000137856  0.000323149
-0.000310189   -0.0030256 -0.000870623   0.00103876   -0.0021982 -0.000323415  0.000395506 -0.000477635  0.000680017  -0.00150525
    0.016603  -0.00772103   0.00269018  -0.00276411  -0.00137294   0.00230341  7.87419e-05  0.000322369   0.00204523   0.00127133
  -0.0022725   0.00221924 -0.000466655   -0.0046185 -0.000547127  -0.00202692  0.000852117  0.000119852 -0.000101811  -0.00013045
  0.00188094  -0.00150999  -0.00102968 -0.000522996   0.00342228  -0.00115776  -0.00103487 -0.000401627  0.000498487  0.000265973
  -0.0159718   0.00791188  -0.00235886   0.00277927   0.00135233  -0.00244374 -0.000245839 -0.000241692  -0.00221998  -0.00124876
 -0.00120018  0.000448474   -0.0014666  -0.00470542 -0.000348752   -0.0017234   0.00130986  1.11404e-05  -5.4225e-05 -0.000509668
  0.00236503  -0.00249488  -0.00153346 -0.000514718   0.00347674    -0.001121 -0.000764367 -0.000435637  0.000463908  0.000131929
  0.00262283  -0.00249055   -0.0011688  0.000283421 -2.24809e-05  0.000560654   0.00206692  -0.00251785 -0.000309071   0.00105539
   0.0591924   0.00944165  0.000992799   0.00631962   0.00132437  -0.00205909   0.00256006  8.86262e-05  0.000956424 -6.04231e-05
  0.00328026   0.00687432   0.00291547  -0.00227961   0.00113024   0.00510355   0.00253335  0.000485015  -0.00145674 -0.000169486
 -0.00231728   0.00204916  0.000706078  -0.00036171  0.000134739  -0.00046568  -0.00202071   0.00252769  8.47894e-05  -0.00112571
   0.0588545   0.00948454  0.000942129   0.00627609   0.00129692  -0.00202205   0.00252626  7.48304e-05  0.000941628 -1.99549e-05
  0.00345878    0.0069686   0.00296046  -0.00230364   0.00109387   0.00511147   0.00248779  0.000510383  -0.00144373 -0.000200017
   0.0278422  -0.00773526   0.00691441  -0.00261077 -0.000864522  0.000527849 -0.000826048   1.6812e-05 -4.10768e-05   0.00063665
  -0.0026881   0.00218061 -0.000816105   -0.0050871 -0.000578542  -0.00217237  0.000918353 -0.000164004  2.39213e-05 -8.61066e-05
  0.00205147 -0.000999496 -0.000701133 -0.000457906   0.00366431    -0.001379   -0.0013298 -0.000200638   0.00016318  0.000423279
  -0.0277501   0.00767206  -0.00694074   0.00261989   0.00087254 -0.000532744  0.000833277 -4.16166e-06  4.31508e-05 -0.000663677
 -0.00257932   0.00203745 -0.000901121  -0.00507324 -0.000577692  -0.00217562   0.00095145 -0.000151906  3.21153e-05 -0.000109229
  0.00200304  -0.00103592 -0.000714159 -0.000437629   0.00367691  -0.00139047  -0.00134961 -0.000206909  0.000156785  0.000406506
 -0.00248862    0.0026254   0.00140393 -0.000461027 -0.000298594 -0.000406201  -0.00232467   0.00197776   0.00083883  -0.00155853
   0.0624944    0.0101685   0.00210044   0.00683499   0.00148123  -0.00264123   0.00277905  0.000403097  0.000709481  3.22616e-06
 -0.00389774   0.00746913   0.00255241  -0.00223418  0.000912311   0.00586003   0.00275859  0.000798976  -0.00110683   0.00161751
  0.00232932  -0.00261764  -0.00140511  0.000487923  0.000304917      0.00043   0.00234299  -0.00193475 -0.000883022    0.0016268
   0.0624786    0.0101407   0.00211348   0.00686189   0.00149113  -0.00263705   0.00279407  0.000413702  0.000722316 -1.35407e-06
 -0.00386172   0.00746896   0.00255439  -0.00222155  0.000919225    0.0058445   0.00275685  0.000820093  -0.00111485   0.00159606