57 10
-0.00039806 -0.000118689 -2.95074e-05 0.000222455 6.80216e-05 0.000119114 1.76459e-05 -7.78988e-07 9.73258e-05 1.5727e-05 
-0.0246167 0.000820517 -0.0121885 0.0031968 0.0021082 0.00519471 -0.00136325 -0.00073168 -0.00256552 -0.000138012 
0.00349344 0.00792328 0.00341637 -0.000262109 -0.00259998 0.00370223 -5.51527e-05 0.000587773 0.00106995 -0.000538834 
0.000117041 0.000399323 0.000374064 0.000202448 4.0998e-05 0.000107744 -5.15963e-06 6.44605e-05 7.81789e-05 4.57684e-05 
0.00831855 -0.000787104 -0.000688419 0.00100705 -0.00293166 -0.00195965 -0.000602389 -0.000342134 0.00017485 2.9364e-05 
-0.00312106 -0.00173875 -3.44063e-06 0.00141958 0.000553124 -2.07175e-05 0.00175331 0.000521389 7.26796e-05 -8.12503e-05 
-0.00341438 -0.00496952 -0.00405123 -0.00364312 -0.00186451 -0.000556222 -0.00109857 0.00109639 -0.000855949 0.000327344 
-0.0254143 0.00171248 -0.0110653 0.00401144 0.0026048 0.00562551 -0.00109855 -0.000678736 -0.00236655 -0.000136442 
0.00338877 0.00647696 0.00272483 -0.000462353 -0.00252921 0.00328309 -0.000136073 0.000163316 0.00117537 -0.000461977 
0.00337249 0.00476773 0.00356513 0.00372749 0.00198218 0.000496808 0.00122995 -0.00114824 0.00082868 -0.000450491 
-0.0244004 0.00294904 -0.0110946 0.00341971 0.00180234 0.00418825 -0.00139116 -0.00106199 -0.00289825 -0.000489871 
0.00313757 0.00840061 0.00467187 0.0017865 -0.00159932 0.00366616 0.00115317 0.000474334 0.00128031 -4.02989e-05 
0.00260505 0.000889631 -0.000757435 -0.00135617 -0.000422052 -0.00126963 -0.000387195 -0.000513163 -0.000862461 0.000414248 
0.0217252 -0.00738955 0.00508465 -0.00596486 0.00489079 -6.78859e-05 0.00061181 -0.00188751 -0.000680399 0.00026552 
0.00290294 0.00387138 0.00550383 0.00642131 0.0061335 0.000637534 -0.00106489 0.000963158 0.00134331 -0.00125936 
-0.0089299 -0.00705919 -0.00221152 -6.96558e-05 -0.000748415 0.00166869 -0.00115125 6.508e-05 0.00152893 0.000565685 
0.00730501 -0.000151793 -0.000941659 0.00240646 -0.00234711 -0.00130903 -0.000240408 -0.000153563 0.000408083 0.000168703 
-0.00178178 -0.000890388 2.84943e-05 0.00102374 0.000128668 2.20651e-05 0.0020449 1.76551e-05 -0.000149498 -9.27176e-05 
0.00965624 0.00757299 0.0022631 -9.70803e-05 0.00073232 -0.00182854 0.0012104 1.04233e-06 -0.00161193 -0.000579197 
0.00809904 -0.000352992 -0.000966613 0.00184691 -0.00269031 -0.00202078 -0.000456628 -0.000407417 0.000270665 3.25866e-05 
-0.00160341 0.000904368 0.0013213 0.00212735 0.000732736 0.000114409 0.00253554 0.000365291 -0.000513715 -8.91422e-05 
-0.00457256 -0.0033918 -0.00232429 -0.00193687 -0.00117734 -6.5158e-05 -0.000488031 0.00281964 0.000236137 0.00051322 
-0.0477461 0.00995266 -0.0068627 -0.000850761 0.00274881 0.00205303 -0.000455819 0.000343468 -0.000591786 0.000305579 
0.00615875 0.0107201 0.00369637 -0.00206285 -0.00407972 0.00286361 -0.00138479 -0.00130981 0.000368836 -0.000369105 
0.00491387 0.00353702 0.00235624 0.00241744 0.00152873 -9.20341e-05 0.000655152 -0.00359924 -2.39747e-06 -0.000682096 
-0.0484264 0.00975124 -0.00670451 -0.000857241 0.00288365 0.00189315 -0.000390503 0.000187784 -0.000437479 0.000304411 
0.00610761 0.0109394 0.00396023 -0.00181012 -0.0039316 0.00296502 -0.00127162 -0.00127253 0.000373146 -0.000391103 
-0.000578502 -0.0028606 -0.0022887 -0.00131362 -0.000488429 -0.000398069 -0.000536305 -0.000291328 -7.42035e-06 0.000179877 
0.0187863 -0.00188592 0.002616 -0.00259279 0.00093994 -0.00110242 -0.000640756 -0.00103444 -0.00123097 1.87754e-05 
0.00125714 0.00548938 0.0047562 0.00446037 0.00355535 -0.00165633 0.000609449 0.000697977 -0.00111295 -0.00100592 
0.00258286 0.00210158 0.000365974 -0.000880807 -0.000113604 -0.000893851 4.73059e-05 0.000309747 -0.000991506 0.0002113 
0.019003 -0.00270957 0.00472268 -0.00196491 0.0031912 0.00222503 0.000387384 -0.000295787 -0.000150612 0.00103088 
-0.000487375 -0.00275872 -0.000257993 0.00155165 0.00267149 -0.000754909 -0.00219076 0.0005575 0.00057329 -0.00147883 
-0.0253729 -0.00813358 0.00190223 0.00032511 -0.00167161 0.00173897 -0.00181834 -0.000363808 0.000985716 0.000985208 
0.0052434 0.000949632 -0.000368547 0.00276477 -0.00312975 -0.00190864 -0.000181814 -5.80871e-06 0.000170241 -0.000106638 
-0.003789 -0.00272783 -0.000888533 0.000533753 -0.000480523 0.000463237 0.00304469 7.69761e-05 7.04366e-05 0.000259029 
0.0248095 0.00858255 -0.00151878 -0.000306737 0.00171854 -0.00188283 0.00187141 0.000296577 -0.0012035 -0.000992901 
0.003892 -0.000137501 -0.00123569 0.00224295 -0.00356139 -0.00210018 -0.000305932 0.000167205 0.000252836 -0.000208231 
-0.00438378 -0.00262909 -0.000673073 0.00086827 -0.000342212 0.00046642 0.00332217 0.000178948 1.58534e-05 0.000271219 
-0.00541762 -0.00413256 -0.00258637 -0.00230022 -0.00102893 -0.000271093 -0.00057062 0.00330337 0.000619288 0.00104046 
-0.0736109 0.0136501 -0.00183958 -0.00529298 0.00274037 -0.00289526 0.00112809 -6.25719e-05 0.001207 -4.11017e-05 
0.00508992 0.0102493 0.00188224 -0.00494762 -0.00523908 0.00244491 -0.0026042 -0.000730633 -0.000354626 0.000349015 
0.0038522 0.00289852 0.00168024 0.00210876 0.000842355 0.000361156 0.000616927 -0.00321981 -0.000677453 -0.00119233 
-0.0733778 0.0132524 -0.00207346 -0.0054425 0.00284702 -0.00282096 0.00112975 -0.000138147 0.00118024 1.91512e-05 
0.00439712 0.00999513 0.00176182 -0.00502733 -0.00527087 0.00248208 -0.0026205 -0.00065636 -0.00033957 0.000226164 
-0.0401799 -0.00741633 0.00622287 0.000600331 -0.00167797 0.000659359 -0.0012731 -0.000202516 -0.00039523 0.000510029 
0.00439213 0.00121362 -0.00036908 0.0035426 -0.00324099 -0.00210594 -0.000175571 0.000249913 0.000182843 -3.17498e-05 
-0.00293784 -0.00136145 -0.000429653 -7.71137e-05 -0.000923227 -7.67675e-05 0.00346732 -0.000279404 -0.000861764 0.00041738 
0.0400248 0.00744075 -0.00615805 -0.000553897 0.00170262 -0.000678311 0.00127272 8.88415e-05 0.000389006 -0.000513526 
0.00423936 0.00139973 -0.000578393 0.00332673 -0.00341603 -0.00225919 -0.000285179 0.000283742 4.0014e-05 -9.97201e-05 
-0.00290073 -0.00105633 -0.000246461 0.000172604 -0.000852265 -3.76283e-06 0.00352635 -0.000212642 -0.000825225 0.000461423 
0.0061553 0.00378692 0.00229069 0.00153958 0.000802955 0.000170107 8.50608e-05 -0.00322605 -0.000811939 -0.000714355 
-0.0782651 0.0127094 -0.000101635 -0.00621648 0.00385513 -0.00217939 0.0020662 0.000110303 0.0020172 -2.68021e-05 
0.0132998 0.00737171 -0.00112157 -0.00777095 -0.00638695 0.00267452 -0.00469556 -0.00114533 0.000156061 9.19741e-05 
-0.00622174 -0.00320051 -0.00167087 -0.00135946 -0.00079329 -0.000136729 -0.000144138 0.00316998 0.000863247 0.000866442 
-0.0785338 0.0137535 0.000411339 -0.005927 0.00388717 -0.00192646 0.00212033 0.000293001 0.00205374 0.000102132 
0.0135947 0.00664683 -0.00170557 -0.0081053 -0.00661009 0.00259619 -0.00491025 -0.00122724 0.000191152 0.000169543 
